function f=fun1min(x)
    f=-3.65416101670622+0.905102383214223*(0.1007561*x(1)^3+0.3133879*x(1)^2-5.0335*x(1)+11.5191)+0.899332971428900*(0.3312153*x(2)^2-3.0776*x(2)+8.9652);
end